#nages
8
#nyrs
30
#npops_EM
2
#nregions_EM
 1 1
#nfleets_EM
 1 1
#nfleets_survey_EM
 1 1
#npops_OM
2
#nregions_OM
 1 1
#nfleets_OM
 1 1
#nfleets_survey_OM
 1 1
#tsurvey_EM
 0.5
 0.5
#diagnostics_switch
0
#fleets_as_areas_switch
0
#move_switch
3
#report_rate_switch
0
#natal_homing_switch
0
#spawn_return_switch
0
#select_switch
1
#select_switch_survey
1
#maturity_switch_equil
0
#SSB_type
2
#Rec_type
1
#apportionment_type
-2
#use_stock_comp_info_survey
0
#use_stock_comp_info_catch
0
#F_switch
1
#M_switch
0
#recruit_devs_switch
1
#recruit_randwalk_switch
0
#init_abund_switch
0
#est_dist_init_abund
0
#tspawn_EM
 0 0
#return_age
7
#return_probability
 1 1
#spawn_return_prob
 1 1
#do_tag
1
#fit_tag_age_switch
0
#do_tag_mult
1
#est_tag_mixing_switch
0
#sigma_recruit_EM
 0.55 0.5
#ph_lmr
1
#lb_R_ave
2
#ub_R_ave
20
#ph_rec
2
#lb_rec_devs
-10
#ub_rec_devs
10
#ph_rec_app_CNST
-4
#ph_rec_app_YR
-4
#lb_rec_app
-5
#ub_rec_app
5
#ph_init_abund
1
#ph_reg_init
-2
#ph_non_natal_init
-1
#lb_init_dist
-9
#ub_init_dist
10
#lb_init_abund
2
#ub_init_abund
20
#ph_F
3
#lb_F
-5
#ub_F
5
#ph_steep
-1
#lb_steep
0.2
#ub_steep
1
#ph_M_CNST
-1
#ph_M_pop_CNST
-1
#ph_M_age_CNST
-1
#ph_M_pop_age
-1
#lb_M
-5
#ub_M
5
#ph_sel_log
4
#lb_sel_beta1
-5
#ub_sel_beta1
5
#lb_sel_beta2
-5
#ub_sel_beta2
5
#lb_sel_beta3
-10
#ub_sel_beta3
5
#lb_sel_beta4
-10
#ub_sel_beta4
5
#lb_sel_beta1_surv
-5
#ub_sel_beta1_surv
5
#lb_sel_beta2_surv
-5
#ub_sel_beta2_surv
5
#lb_sel_beta3_surv
-10
#ub_sel_beta3_surv
5
#lb_sel_beta4_surv
-10
#ub_sel_beta4_surv
5
#ph_sel_log_surv
4
#ph_sel_dubl
-5
#ph_sel_dubl_surv
-5
#ph_q
1
#lb_q
-10
#ub_q
5
#ph_F_rho
-1
#lb_F_rho
0
#ub_F_rho
2
#phase_T_YR
-5
#phase_T_YR_ALT_FREQ
5
#T_est_freq
2
#phase_T_YR_AGE_ALT_FREQ
-6
#T_est_age_freq
4
#juv_age
2
#phase_T_CNST
-5
#phase_T_CNST_AGE
-6
#phase_T_YR_AGE
-6
#lb_T
-5
#ub_T
5
#phase_rep_rate_YR
-6
#phase_rep_rate_CNST
-6
#lb_B
-6
#ub_B
6
#ph_T_tag
-7
#ph_F_tag
-3
#lb_scalar
-10
#ub_scalar
10
#ph_dummy
-1
#wt_surv
1
#wt_catch
1
#wt_fish_age
1
#wt_srv_age
1
#wt_rec
1
#wt_tag
1
#wt_F_pen
1
#wt_M_pen
0
#wt_B_pen
0
#report_rate_sigma
0.1
#report_rate_ave
0.5
#abund_pen_switch
0
#wt_abund_pen
0.1
#move_pen_switch
0
#wt_move_pen
10
#Tpen
-5
#Tpen2
5
#input_weight
 0.1 0.75 1.5 3 5 7 7.5 7.7
 0.5 0.65 2 4 5.5 7.2 7.9 8.3
#input_catch_weight
 0.1 0.75 1.5 3 5 7 7.5 7.7
 0.5 0.65 2 4 5.5 7.2 7.9 8.3
#fecundity
 1 1 1 1 1 1 1 1
 1 1 1 1 1 1 1 1
#maturity
 0.001 0.35 0.75 0.9 1 1 1 1
 0.0001 0.45 0.85 0.99 1 1 1 1
#prop_fem
 0.5
 0.5
#OBS_rec_index_BM
 3559.71 3769.34 5876.03 5305.21 9709.02 2597.2 2956.09 13010.2 3845.07 3393.74 2694.02 5020.2 14906.5 12706 11719.5 15632 9450.03 4581.13 7933.92 9624.82 913.755 6720.34 2671.4 4406.3 4584.13 2542.97 3183.97 6701.06 8279.19 3328.74
 5583.44 5969.28 1038.37 6396.1 1621.5 1792.36 3044.92 2402.25 5687.29 677.236 4630.01 3133.01 6872.72 1408.97 3288.17 1826.35 1688.14 2730.2 2734.74 8112.79 5204.35 3078.38 16150.6 820.503 9915.59 2446.25 3400.87 1790.3 14755.2 2428.68
#OBS_survey_fleet_bio
 59.9925
 119.363
 51.3314
 64.1044
 63.8792
 29.8779
 51.4008
 43.6162
 42.3065
 33.51
 50.5343
 32.8452
 27.0943
 27.7553
 35.0472
 32.8328
 36.5036
 28.0382
 37.1781
 43.7042
 35.1399
 39.3896
 29.4581
 34.1379
 48.3233
 40.1287
 31.5649
 44.0679
 57.8754
 60.5355
 44.3985
 29.5984
 38.3006
 32.3895
 35.2773
 26.1802
 20.9144
 13.4951
 13.9811
 19.6312
 14.4385
 17.5793
 12.9997
 15.8034
 11.0581
 10.5427
 11.6218
 14.3241
 10.185
 14.5434
 7.27514
 19.2833
 15.5172
 15.4698
 15.702
 17.1771
 22.4329
 32.5291
 18.3572
 16.7641
#OBS_survey_fleet_bio_se_EM
 0.2
 0.2
 0.2
 0.2
 0.2
 0.2
 0.2
 0.2
 0.2
 0.2
 0.2
 0.2
 0.2
 0.2
 0.2
 0.2
 0.2
 0.2
 0.2
 0.2
 0.2
 0.2
 0.2
 0.2
 0.2
 0.2
 0.2
 0.2
 0.2
 0.2
 0.2
 0.2
 0.2
 0.2
 0.2
 0.2
 0.2
 0.2
 0.2
 0.2
 0.2
 0.2
 0.2
 0.2
 0.2
 0.2
 0.2
 0.2
 0.2
 0.2
 0.2
 0.2
 0.2
 0.2
 0.2
 0.2
 0.2
 0.2
 0.2
 0.2

#OBS_survey_prop
 0 0.126667 0.253333 0.186667 0.113333 0.146667 0.08 0.0933333
 0.0133333 0.0866667 0.22 0.206667 0.18 0.12 0.0933333 0.08
 0.0133333 0.0866667 0.193333 0.206667 0.24 0.1 0.0333333 0.126667
 0.00666667 0.0933333 0.26 0.193333 0.18 0.06 0.1 0.106667
 0.0266667 0.113333 0.226667 0.233333 0.16 0.06 0.0533333 0.126667
 0.0133333 0.2 0.226667 0.113333 0.186667 0.0733333 0.0466667 0.14
 0.00666667 0.0933333 0.346667 0.173333 0.0933333 0.0866667 0.0733333 0.126667
 0.04 0.193333 0.173333 0.246667 0.126667 0.0933333 0.0533333 0.0733333
 0.00666667 0.253333 0.26 0.193333 0.14 0.0466667 0.0333333 0.0666667
 0.02 0.12 0.466667 0.166667 0.12 0.0533333 0.0133333 0.04
 0.00666667 0.0733333 0.266667 0.426667 0.16 0.0133333 0.04 0.0133333
 0.0466667 0.173333 0.193333 0.226667 0.233333 0.0466667 0.02 0.06
 0.0333333 0.32 0.28 0.12 0.1 0.1 0.0266667 0.02
 0.0266667 0.213333 0.446667 0.18 0.0333333 0.0533333 0.04 0.00666667
 0.02 0.133333 0.36 0.353333 0.0933333 0.0133333 0.0133333 0.0133333
 0.0333333 0.186667 0.173333 0.373333 0.166667 0.0533333 0.00666667 0.00666667
 0.0133333 0.313333 0.3 0.133333 0.14 0.08 0.0133333 0.00666667
 0.00666667 0.2 0.413333 0.186667 0.08 0.0733333 0.0266667 0.0133333
 0.02 0.0866667 0.28 0.386667 0.113333 0.0333333 0.06 0.02
 0.04 0.253333 0.22 0.24 0.126667 0.0866667 0.0133333 0.02
 0.00666667 0.22 0.4 0.16 0.106667 0.0533333 0.0333333 0.02
 0.00666667 0.0466667 0.446667 0.333333 0.0933333 0.04 0.0266667 0.00666667
 0.0466667 0.133333 0.153333 0.36 0.22 0.06 0.0133333 0.0133333
 0.02 0.266667 0.293333 0.0666667 0.22 0.0933333 0.02 0.02
 0.0333333 0.12 0.34 0.22 0.0533333 0.133333 0.0466667 0.0533333
 0.00666667 0.153333 0.213333 0.333333 0.14 0.04 0.0533333 0.06
 0.00666667 0.0733333 0.306667 0.233333 0.26 0.0533333 0.0266667 0.04
 0.00666667 0.18 0.14 0.293333 0.173333 0.126667 0.0333333 0.0466667
 0.0133333 0.12 0.36 0.0733333 0.193333 0.113333 0.08 0.0466667
 0.0133333 0.16 0.346667 0.213333 0.0533333 0.106667 0.0266667 0.08
 0.02 0.106667 0.226667 0.293333 0.106667 0.12 0.0666667 0.06
 0.00666667 0.0733333 0.206667 0.266667 0.18 0.126667 0.0266667 0.113333
 0.02 0.08 0.22 0.22 0.146667 0.106667 0.08 0.126667
 0.0133333 0.0933333 0.213333 0.206667 0.166667 0.0933333 0.08 0.133333
 0.0333333 0.08 0.18 0.226667 0.16 0.0933333 0.126667 0.1
 0.06 0.12 0.206667 0.146667 0.173333 0.106667 0.0666667 0.12
 0.0666667 0.1 0.333333 0.173333 0.14 0.1 0.0266667 0.06
 0.0666667 0.133333 0.26 0.24 0.0866667 0.0666667 0.0466667 0.1
 0.02 0.173333 0.306667 0.213333 0.166667 0.0333333 0.00666667 0.08
 0.0333333 0.0866667 0.48 0.213333 0.0666667 0.06 0 0.06
 0.06 0.0866667 0.34 0.3 0.1 0.0333333 0.0333333 0.0466667
 0.08 0.16 0.153333 0.226667 0.266667 0.04 0.0266667 0.0466667
 0.08 0.233333 0.313333 0.0933333 0.1 0.12 0.02 0.04
 0.0333333 0.206667 0.533333 0.133333 0.0266667 0.0333333 0.0133333 0.02
 0.0266667 0.126667 0.453333 0.26 0.0866667 0.02 0.0133333 0.0133333
 0.0333333 0.306667 0.226667 0.273333 0.12 0.04 0 0
 0.0333333 0.16 0.386667 0.166667 0.2 0.0266667 0 0.0266667
 0.0466667 0.146667 0.466667 0.266667 0.0333333 0.04 0 0
 0.04 0.173333 0.286667 0.36 0.1 0.0333333 0.00666667 0
 0.133333 0.153333 0.333333 0.18 0.1 0.0533333 0.02 0.0266667
 0.0266667 0.3 0.326667 0.186667 0.0866667 0.0666667 0 0.00666667
 0.0533333 0.0466667 0.52 0.246667 0.08 0.0333333 0.02 0
 0.08 0.126667 0.126667 0.406667 0.193333 0.0466667 0.00666667 0.0133333
 0.02 0.2 0.306667 0.106667 0.206667 0.113333 0.00666667 0.04
 0.0466667 0.06 0.486667 0.213333 0.04 0.1 0.0333333 0.02
 0.0266667 0.24 0.166667 0.306667 0.133333 0.0533333 0.0333333 0.04
 0.04 0.1 0.4 0.2 0.14 0.0533333 0.0133333 0.0533333
 0.0533333 0.166667 0.12 0.306667 0.1 0.126667 0.04 0.0866667
 0.106667 0.113333 0.34 0.1 0.126667 0.106667 0.0666667 0.04
 0.0133333 0.2 0.36 0.226667 0.0666667 0.0933333 0.00666667 0.0333333
#OBS_survey_prop_N_EM
 150
 150
 150
 150
 150
 150
 150
 150
 150
 150
 150
 150
 150
 150
 150
 150
 150
 150
 150
 150
 150
 150
 150
 150
 150
 150
 150
 150
 150
 150
 150
 150
 150
 150
 150
 150
 150
 150
 150
 150
 150
 150
 150
 150
 150
 150
 150
 150
 150
 150
 150
 150
 150
 150
 150
 150
 150
 150
 150
 150

#OBS_yield_fleet
 10151.8
 11319.2
 9595.27
 11296
 9525.65
 11526.5
 7487
 9162.54
 9126.81
 7119.12
 8858.05
 11675.4
 10116.1
 6253.87
 9120.59
 14758.2
 11370.7
 9921.92
 9242.54
 8678.55
 8804.9
 6455.35
 12174.8
 7470.19
 7287.23
 11705.5
 10675.2
 5424.48
 5262.49
 909.014
 8779.88
 10273.2
 13312.2
 11299.7
 11724
 9496.65
 8425.66
 8316.24
 6955.65
 7496.17
 9799.84
 8312.94
 12128.7
 7743.01
 11487
 7056.43
 6219.36
 8304.01
 7747.96
 6564.72
 7166.3
 7437.1
 8249.21
 7857.57
 6571.37
 5857.55
 1610.57
 10078.2
 9331.81
 3205.76
#OBS_yield_fleet_se_EM
 0.05
 0.05
 0.05
 0.05
 0.05
 0.05
 0.05
 0.05
 0.05
 0.05
 0.05
 0.05
 0.05
 0.05
 0.05
 0.05
 0.05
 0.05
 0.05
 0.05
 0.05
 0.05
 0.05
 0.05
 0.05
 0.05
 0.05
 0.05
 0.05
 0.05
 0.05
 0.05
 0.05
 0.05
 0.05
 0.05
 0.05
 0.05
 0.05
 0.05
 0.05
 0.05
 0.05
 0.05
 0.05
 0.05
 0.05
 0.05
 0.05
 0.05
 0.05
 0.05
 0.05
 0.05
 0.05
 0.05
 0.05
 0.05
 0.05
 0.05

#OBS_catch_prop
 0.0333333 0.04 0.0933333 0.246667 0.166667 0.24 0.106667 0.0733333
 0.04 0.0666667 0.106667 0.24 0.186667 0.106667 0.12 0.133333
 0.0266667 0.0133333 0.1 0.213333 0.253333 0.16 0.1 0.133333
 0.02 0.0533333 0.106667 0.173333 0.22 0.146667 0.113333 0.166667
 0.0533333 0.0666667 0.0933333 0.213333 0.186667 0.0866667 0.08 0.22
 0.04 0.1 0.106667 0.173333 0.18 0.14 0.06 0.2
 0.0333333 0.0466667 0.14 0.166667 0.2 0.166667 0.106667 0.14
 0.0933333 0.0533333 0.0533333 0.28 0.16 0.153333 0.08 0.126667
 0.0133333 0.173333 0.12 0.16 0.233333 0.146667 0.06 0.0933333
 0.0266667 0.0466667 0.28 0.253333 0.12 0.166667 0.0533333 0.0533333
 0.0333333 0.0666667 0.0933333 0.473333 0.146667 0.1 0.04 0.0466667
 0.0866667 0.0733333 0.0466667 0.24 0.38 0.0733333 0.0533333 0.0466667
 0.113333 0.166667 0.186667 0.12 0.16 0.153333 0.0533333 0.0466667
 0.02 0.18 0.333333 0.26 0.0733333 0.04 0.04 0.0533333
 0.0533333 0.0533333 0.28 0.386667 0.126667 0.0533333 0.02 0.0266667
 0.06 0.08 0.113333 0.34 0.253333 0.0933333 0.0333333 0.0266667
 0.113333 0.126667 0.18 0.213333 0.246667 0.1 0.00666667 0.0133333
 0.0333333 0.08 0.273333 0.333333 0.126667 0.1 0.0533333 0
 0.08 0.0666667 0.133333 0.42 0.2 0.04 0.04 0.02
 0.1 0.126667 0.146667 0.233333 0.24 0.1 0.02 0.0333333
 0.0133333 0.126667 0.24 0.26 0.2 0.1 0.04 0.02
 0.0533333 0.0266667 0.24 0.36 0.166667 0.08 0.0466667 0.0266667
 0.06 0.06 0.0666667 0.44 0.24 0.0866667 0.0333333 0.0133333
 0.0466667 0.0733333 0.153333 0.106667 0.373333 0.186667 0.0133333 0.0466667
 0.0666667 0.0666667 0.22 0.24 0.0866667 0.22 0.08 0.02
 0.00666667 0.12 0.0933333 0.426667 0.12 0.0533333 0.12 0.06
 0.06 0.02 0.2 0.226667 0.36 0.06 0.0266667 0.0466667
 0.0533333 0.0733333 0.02 0.353333 0.2 0.16 0.0533333 0.0866667
 0.0333333 0.06 0.24 0.0933333 0.26 0.133333 0.12 0.06
 0.0333333 0.08 0.126667 0.28 0.0866667 0.18 0.0666667 0.146667
 0.0133333 0 0.18 0.306667 0.16 0.133333 0.12 0.0866667
 0 0.00666667 0.16 0.306667 0.226667 0.0933333 0.0866667 0.12
 0.00666667 0.0266667 0.146667 0.26 0.2 0.146667 0.08 0.133333
 0.00666667 0.0133333 0.186667 0.246667 0.16 0.12 0.1 0.166667
 0.0133333 0.0266667 0.106667 0.186667 0.14 0.186667 0.14 0.2
 0.02 0.02 0.153333 0.286667 0.16 0.133333 0.0666667 0.16
 0.00666667 0.0133333 0.233333 0.22 0.226667 0.126667 0.0466667 0.126667
 0.04 0.0533333 0.213333 0.26 0.0933333 0.126667 0.1 0.113333
 0 0.113333 0.2 0.28 0.233333 0.0733333 0.04 0.06
 0.00666667 0.0466667 0.3 0.273333 0.153333 0.0933333 0.0333333 0.0933333
 0.0133333 0.02 0.186667 0.533333 0.133333 0.0466667 0.0333333 0.0333333
 0.00666667 0.0466667 0.113333 0.34 0.346667 0.06 0.0533333 0.0333333
 0.0266667 0.1 0.28 0.18 0.166667 0.153333 0.0466667 0.0466667
 0 0.0533333 0.493333 0.246667 0.0866667 0.08 0.0266667 0.0133333
 0.0266667 0.0133333 0.3 0.5 0.0866667 0.0333333 0.0133333 0.0266667
 0.02 0.1 0.173333 0.433333 0.226667 0.0333333 0.00666667 0.00666667
 0 0.0333333 0.293333 0.326667 0.22 0.12 0.00666667 0
 0.02 0.08 0.313333 0.393333 0.0933333 0.0733333 0.02 0.00666667
 0.00666667 0.0733333 0.273333 0.346667 0.22 0.04 0.0266667 0.0133333
 0.0266667 0.04 0.313333 0.273333 0.24 0.0733333 0.00666667 0.0266667
 0.00666667 0.0866667 0.366667 0.32 0.113333 0.08 0.02 0.00666667
 0.0133333 0.0133333 0.413333 0.326667 0.12 0.0666667 0.02 0.0266667
 0.0533333 0.0466667 0.106667 0.533333 0.16 0.0666667 0.00666667 0.0266667
 0 0.126667 0.18 0.206667 0.326667 0.113333 0.0266667 0.02
 0.00666667 0.0333333 0.393333 0.253333 0.06 0.2 0.0333333 0.02
 0 0.0333333 0.186667 0.46 0.173333 0.0266667 0.0933333 0.0266667
 0 0.02 0.293333 0.2 0.333333 0.1 0.0266667 0.0266667
 0.02 0.0266667 0.113333 0.333333 0.2 0.213333 0.04 0.0533333
 0.0266667 0.0533333 0.28 0.146667 0.306667 0.08 0.0733333 0.0333333
 0 0.0333333 0.286667 0.326667 0.0733333 0.133333 0.04 0.106667
#OBS_catch_prop_N_EM
 150
 150
 150
 150
 150
 150
 150
 150
 150
 150
 150
 150
 150
 150
 150
 150
 150
 150
 150
 150
 150
 150
 150
 150
 150
 150
 150
 150
 150
 150
 150
 150
 150
 150
 150
 150
 150
 150
 150
 150
 150
 150
 150
 150
 150
 150
 150
 150
 150
 150
 150
 150
 150
 150
 150
 150
 150
 150
 150
 150

#nyrs_release
7
#years_of_tag_releases 
 1 5 10 15 20 25 30
#max_life_tags
5
#age_full_selection
 8 8 8 8 8 8 8 8 8 8 8 8 8 8 8 8 8 8 8 8 8 8 8 8 8 8 8 8 8 8
 8 8 8 8 8 8 8 8 8 8 8 8 8 8 8 8 8 8 8 8 8 8 8 8 8 8 8 8 8 8
#input_report_rate_EM
 0.7
 0.8
#ntags
 37.7356 314.673 793.578 811.667 550.286 455.385 282.713 194.978
 69.141 317.647 721.69 768.583 500.971 320.604 264.457 465.648
 32.918 420.137 1709.95 621.369 306.406 242.687 82.8536 153.867
 75.7828 403.01 1700.9 1203.38 356.253 74.9706 55.7969 77.8148
 107.269 918.549 911.452 839.931 649.535 189.608 44.2664 59.1802
 87.8984 482.084 1431.72 744.839 242.187 442.258 179.942 100.894
 41.0049 536.176 934.064 896.84 261.807 490.877 177.978 274.916
 32.4017 111.565 411.237 390.572 205.186 165.799 132.233 109.991
 46.545 114.279 338.237 359.667 231.054 146.659 122.105 212.715
 22.9572 155.827 621.674 319.914 132.92 89.07 30.7228 56.725
 69.2328 89.9851 477.699 309.119 67.8432 13.3297 10.5227 14.3606
 140.534 204.882 426.886 250.009 169.29 59.928 12.5212 16.1593
 62.84 100.505 650.995 218.932 70.2474 117.836 42.7448 24.0742
 29.2391 247.466 401.252 345.528 91.7947 139.811 49.6834 81.5627
#ntags_total
 5000 5000 5000 5000 5000 5000 5000
#tag_N_EM
 200 200 200 200 200 200 200 200
 200 200 200 200 200 200 200 200
 200 200 200 200 200 200 200 200
 200 200 200 200 200 200 200 200
 200 200 200 200 200 200 200 200
 200 200 200 200 200 200 200 200
 200 200 200 200 200 200 200 200
 200 200 200 200 200 200 200 200
 200 200 200 200 200 200 200 200
 200 200 200 200 200 200 200 200
 200 200 200 200 200 200 200 200
 200 200 200 200 200 200 200 200
 200 200 200 200 200 200 200 200
 200 200 200 200 200 200 200 200

#input_T_EM
 0.85
 0.15
 0.85
 0.15
 0.85
 0.15
 0.85
 0.15
 0.85
 0.15
 0.85
 0.15
 0.85
 0.15
 0.85
 0.15

 0.25
 0.75
 0.25
 0.75
 0.25
 0.75
 0.25
 0.75
 0.25
 0.75
 0.25
 0.75
 0.25
 0.75
 0.25
 0.75


#OBS_tag_prop_final
 0.005 0 0.01 0.025 0.025 0.035 0.015 0.055 0.025 0.01 0.795
 0.025 0 0.055 0.035 0.045 0.025 0.05 0.035 0.01 0.04 0.68
 0.015 0.005 0.09 0.025 0.025 0.045 0.04 0.01 0.01 0.015 0.72
 0.045 0.02 0.055 0.035 0.05 0.05 0.025 0.02 0.02 0 0.68
 0.11 0.025 0.045 0.025 0.035 0.03 0.035 0.035 0.015 0 0.645
 0.04 0.04 0.05 0.045 0.025 0.04 0.065 0.035 0.01 0.01 0.64
 0.07 0.01 0.055 0.03 0.03 0.02 0.035 0.035 0.005 0.015 0.695
 0.095 0.015 0.045 0.055 0.045 0.05 0.03 0.035 0.005 0.015 0.61
 0.01 0 0.01 0.005 0.065 0.05 0.075 0.03 0.03 0.025 0.7
 0.015 0 0.075 0.05 0.05 0.02 0.055 0.01 0.01 0.01 0.705
 0.05 0.035 0.1 0.055 0.06 0.025 0.04 0.01 0.02 0.005 0.6
 0.095 0.05 0.085 0.055 0.03 0.02 0.02 0.005 0.005 0.005 0.63
 0.14 0.04 0.08 0.05 0.05 0.015 0 0.015 0.01 0 0.6
 0.11 0.055 0.09 0.035 0.045 0.03 0.025 0.02 0.01 0.01 0.57
 0.12 0.09 0.06 0.025 0.035 0.02 0.025 0.02 0 0.01 0.595
 0.125 0.065 0.075 0.06 0.045 0.04 0.025 0.025 0.005 0.02 0.515
 0.02 0.005 0.04 0.05 0.05 0.06 0.09 0.02 0.03 0.005 0.63
 0.03 0 0.115 0.045 0.08 0.03 0.02 0.04 0.02 0 0.62
 0.055 0.02 0.11 0.035 0.045 0.03 0.03 0.03 0.01 0.005 0.63
 0.155 0.045 0.11 0.025 0.02 0.025 0.02 0.015 0.005 0.01 0.57
 0.19 0.055 0.09 0.04 0.06 0.04 0.025 0.04 0.005 0 0.455
 0.15 0.07 0.1 0.05 0.04 0.015 0.035 0.04 0.01 0.005 0.485
 0.19 0.06 0.08 0.055 0.06 0.025 0.03 0.03 0.005 0.005 0.46
 0.105 0.055 0.1 0.055 0.04 0.015 0.025 0.025 0.01 0.01 0.56
 0.005 0 0.075 0.015 0.15 0.015 0.05 0.04 0.005 0.01 0.635
 0.05 0.005 0.17 0.02 0.115 0.015 0.02 0.01 0.005 0 0.59
 0.095 0.025 0.18 0.01 0.06 0.015 0.03 0.005 0 0.005 0.575
 0.185 0.02 0.145 0.02 0.04 0.005 0.025 0.01 0.005 0.005 0.54
 0.255 0.035 0.15 0.005 0.065 0.015 0.015 0 0 0 0.46
 0.23 0.03 0.145 0.035 0.035 0.01 0.01 0 0.005 0.005 0.495
 0.275 0.05 0.115 0.02 0.045 0.005 0 0 0.005 0.01 0.475
 0.29 0.035 0.115 0.03 0.07 0.025 0.01 0.015 0.005 0 0.405
 0.01 0 0.02 0.02 0.075 0.035 0.055 0.025 0.02 0.015 0.725
 0.03 0 0.145 0.045 0.035 0.03 0.04 0.015 0.015 0.005 0.64
 0.085 0.015 0.1 0.04 0.055 0.025 0.015 0.01 0.015 0.005 0.635
 0.19 0.015 0.13 0.05 0.03 0.005 0.015 0.005 0.005 0 0.555
 0.295 0.035 0.065 0.035 0.025 0.015 0.04 0.01 0.015 0 0.465
 0.31 0.02 0.055 0.045 0.04 0.025 0.035 0.005 0 0.01 0.455
 0.295 0.03 0.11 0.035 0.04 0.03 0.02 0.01 0.015 0 0.415
 0.25 0.01 0.075 0.045 0.03 0.01 0.035 0.01 0.005 0.015 0.515
 0.005 0 0.08 0.015 0.07 0 0.02 0.04 0.02 0.03 0.72
 0.03 0 0.06 0.045 0.095 0.01 0.005 0.035 0.015 0.01 0.695
 0.055 0.01 0.135 0.015 0.045 0.005 0.015 0.015 0.02 0.005 0.68
 0.145 0.025 0.12 0.02 0.045 0 0.005 0.025 0.01 0.01 0.595
 0.155 0.075 0.115 0.015 0.05 0 0.02 0.005 0.01 0.01 0.545
 0.16 0.07 0.095 0.035 0.055 0.005 0.01 0.025 0.01 0.005 0.53
 0.145 0.05 0.08 0.015 0.08 0.005 0.025 0.025 0 0.005 0.57
 0.075 0.075 0.135 0.03 0.05 0.005 0.02 0.015 0.015 0.01 0.57
 0 0 0 0 0 0 0 0 0 0 1
 0.01 0 0 0 0 0 0 0 0 0 0.99
 0 0.01 0 0 0 0 0 0 0 0 0.99
 0.02 0.02 0 0 0 0 0 0 0 0 0.96
 0.005 0.005 0 0 0 0 0 0 0 0 0.99
 0.015 0.01 0 0 0 0 0 0 0 0 0.975
 0.015 0.01 0 0 0 0 0 0 0 0 0.975
 0.03 0.015 0 0 0 0 0 0 0 0 0.955
 0 0.005 0.01 0.04 0.015 0.06 0.03 0.025 0.03 0.015 0.77
 0 0.005 0.03 0.075 0.03 0.05 0.03 0.01 0.025 0.01 0.735
 0.005 0.045 0.025 0.085 0.025 0.06 0.01 0.025 0.02 0.02 0.68
 0.02 0.1 0.03 0.055 0.01 0.045 0.005 0.03 0.015 0.01 0.68
 0.015 0.165 0.045 0.07 0.035 0.035 0.03 0.03 0.02 0.01 0.545
 0.01 0.1 0.015 0.1 0.02 0.04 0.02 0.015 0.01 0.01 0.66
 0.01 0.115 0.04 0.05 0.025 0.045 0.015 0.01 0.02 0 0.67
 0.015 0.14 0.04 0.095 0.015 0.065 0.005 0.015 0 0.015 0.595
 0 0.015 0.01 0.05 0.03 0.04 0.025 0.035 0.01 0.01 0.775
 0 0 0.05 0.085 0.02 0.065 0.025 0.04 0.02 0.015 0.68
 0.005 0.075 0.035 0.105 0.015 0.04 0.015 0.025 0.005 0 0.68
 0.035 0.17 0.04 0.095 0.02 0.035 0.03 0.015 0 0.005 0.555
 0.03 0.175 0.035 0.08 0.05 0.05 0.025 0.01 0 0.01 0.535
 0.045 0.21 0.02 0.09 0.01 0.03 0.01 0.04 0.015 0.01 0.52
 0.015 0.21 0.03 0.12 0.005 0.045 0.01 0.035 0.015 0.005 0.51
 0.04 0.16 0.01 0.09 0.025 0.04 0.025 0.02 0.005 0.005 0.58
 0.01 0 0.02 0.09 0.03 0.1 0.065 0.06 0.01 0.03 0.585
 0 0.015 0.015 0.14 0.04 0.055 0.03 0.025 0 0.015 0.665
 0.005 0.085 0.015 0.125 0.025 0.035 0.01 0.015 0 0.015 0.67
 0.015 0.225 0 0.13 0.03 0.035 0.01 0.02 0 0.01 0.525
 0.02 0.275 0.035 0.125 0.025 0.04 0.01 0.02 0.005 0.005 0.44
 0.025 0.265 0.015 0.11 0.02 0.04 0.015 0.035 0.005 0.01 0.46
 0.025 0.235 0.03 0.12 0.02 0.04 0.01 0.025 0.01 0.005 0.48
 0.015 0.275 0.015 0.16 0.035 0.045 0.025 0.025 0.005 0 0.4
 0.01 0 0.025 0.095 0.055 0.08 0.02 0.06 0.02 0.02 0.615
 0.01 0.03 0.05 0.145 0.04 0.05 0 0.025 0.005 0.01 0.635
 0.015 0.295 0.03 0.05 0.015 0.025 0.005 0.02 0 0 0.545
 0.015 0.33 0.04 0.1 0.01 0.015 0 0.01 0 0 0.48
 0.05 0.4 0.03 0.095 0 0.035 0 0 0 0 0.39
 0.03 0.4 0.05 0.06 0.015 0.045 0.01 0 0 0 0.39
 0.075 0.43 0.025 0.05 0.015 0.02 0 0.005 0 0.005 0.375
 0.045 0.48 0.015 0.09 0.015 0.02 0.01 0.005 0 0 0.32
 0 0 0.015 0.055 0.05 0.055 0.045 0.05 0.015 0.015 0.7
 0 0.03 0.075 0.12 0.02 0.045 0.015 0.01 0.01 0.005 0.67
 0.015 0.16 0.025 0.07 0.015 0.025 0.01 0.02 0 0.005 0.655
 0.065 0.235 0.03 0.105 0.01 0.015 0.01 0.005 0 0 0.525
 0.04 0.3 0.02 0.105 0.01 0.035 0 0.005 0 0.005 0.48
 0.065 0.305 0.03 0.1 0.015 0.02 0.005 0.005 0.005 0.005 0.445
 0.055 0.265 0.035 0.1 0.015 0.055 0.015 0.01 0.005 0 0.445
 0.055 0.335 0.04 0.065 0.015 0.03 0.025 0.01 0 0 0.425
 0 0 0.025 0.05 0.02 0.015 0.015 0.035 0 0.025 0.815
 0 0.01 0.025 0.105 0.01 0.005 0.005 0.06 0.005 0.03 0.745
 0.01 0.065 0.055 0.075 0.04 0.005 0.005 0.03 0.005 0.005 0.705
 0.03 0.215 0.055 0.095 0.025 0.01 0.01 0.025 0 0.005 0.53
 0.055 0.195 0.035 0.05 0.03 0.01 0.01 0.015 0 0.015 0.585
 0.045 0.2 0.03 0.085 0.025 0.025 0.005 0.02 0 0.02 0.545
 0.06 0.24 0.055 0.05 0.01 0.005 0 0.035 0 0.015 0.53
 0.025 0.21 0.095 0.065 0.04 0 0.01 0.01 0.005 0.015 0.525
 0 0.005 0 0 0 0 0 0 0 0 0.995
 0 0 0 0 0 0 0 0 0 0 1
 0 0.05 0 0 0 0 0 0 0 0 0.95
 0 0.09 0 0 0 0 0 0 0 0 0.91
 0.005 0.095 0 0 0 0 0 0 0 0 0.9
 0 0.105 0 0 0 0 0 0 0 0 0.895
 0 0.085 0 0 0 0 0 0 0 0 0.915
 0.005 0.125 0 0 0 0 0 0 0 0 0.87
#OBS_tag_prop_final_no_age
 0 0 0 0 0 0 0 0 0 0 0
 0 0 0 0 0 0 0 0 0 0 0
 0 0 0 0 0 0 0 0 0 0 0
 0 0 0 0 0 0 0 0 0 0 0
 0 0 0 0 0 0 0 0 0 0 0
 0 0 0 0 0 0 0 0 0 0 0
 0 0 0 0 0 0 0 0 0 0 0
 0 0 0 0 0 0 0 0 0 0 0
 0 0 0 0 0 0 0 0 0 0 0
 0 0 0 0 0 0 0 0 0 0 0
 0 0 0 0 0 0 0 0 0 0 0
 0 0 0 0 0 0 0 0 0 0 0
 0 0 0 0 0 0 0 0 0 0 0
 0 0 0 0 0 0 0 0 0 0 0
#input_M_EM
 0.2 0.2 0.2 0.2 0.2 0.2 0.2 0.2
 0.25 0.25 0.25 0.25 0.25 0.25 0.25 0.25
#input_R_ave_EM
 6000 4000
#input_Rec_Prop_EM
 1 1 1 1 1 1 1 1 1 1 1 1 1 1 1 1 1 1 1 1 1 1 1 1 1 1 1 1 1 1
 1 1 1 1 1 1 1 1 1 1 1 1 1 1 1 1 1 1 1 1 1 1 1 1 1 1 1 1 1 1
#input_selectivity_EM
 0.05
 0.1
 0.25
 0.68
 0.95
 0.99
 1
 1
 0.01
 0.05
 0.37
 0.84
 0.97
 1
 1
 1

#input_survey_selectivity_EM
 0.03
 0.3
 0.75
 0.95
 1
 1
 1
 1
 0.05
 0.2
 0.69
 0.9
 1
 1
 1
 1

#input_steep_EM
 0.8 0.8
#input_dist_init_abund
 1
 0
 0
 1
#frac_natal_true
 1
 0
 0
 1
#input_M_TRUE
 0.2 0.2 0.2 0.2 0.2 0.2 0.2 0.2
 0.25 0.25 0.25 0.25 0.25 0.25 0.25 0.25
#init_abund_TRUE
 6000 5000 5040 4320 3000 2500 1500 1000
 0 0 0 0 0 0 0 0
 0 0 0 0 0 0 0 0
 4000 3500 4000 3000 1250 1000 900 800
#q_survey
 0.0015
 0.001
#sel_beta1
 0.8
 0.8
#sel_beta2
 3
 3
#sel_beta3
 -0.6
 -0.6
#sel_beta4
 20
 20
#sel_beta1_survey
 0.8
 0.8
#sel_beta2_survey
 2
 2
#sel_beta3_survey
 -0.6
 -0.6
#sel_beta4_survey
 20
 20
#steep
 0.7 0.814
#R_ave
 6000 4000
#SSB_zero
 60020 30997.8
#rec_devs
 0.398416 0.832586 0.829848 0.609935 1.23077 0.496144 0.486795 2.16068 0.90405 0.564628 1.06931 1.51514 1.80106 0.760168 0.978034 1.98246 1.11949 0.663283 1.60477 1.13216 0.311692 0.768017 0.708501 1.05026 1.33074 0.306996 0.9626 1.00848 0.900627 0.732356
 1.37772 1.27872 0.775427 0.788213 0.739586 1.10403 1.59682 1.05415 0.898026 0.376743 0.698638 1.79268 1.31357 0.541063 1.50724 0.5988 0.677684 1.23734 0.932401 2.70131 0.775733 1.07252 3.14045 0.583424 1.4818 0.788557 1.39722 1.22346 2.30711 0.671924
#Rec_Prop
 1 1 1 1 1 1 1 1 1 1 1 1 1 1 1 1 1 1 1 1 1 1 1 1 1 1 1 1 1
 1 1 1 1 1 1 1 1 1 1 1 1 1 1 1 1 1 1 1 1 1 1 1 1 1 1 1 1 1
#recruits_BM
 6000 4995.51 4979.09 3659.61 7384.61 2976.86 2920.77 12964.1 5424.3 3387.77 6415.88 9090.83 10806.4 4561.01 5868.2 11894.8 6716.96 3979.7 9628.64 6792.95 1870.15 4608.1 4251 6301.57 7984.45 1841.98 5775.6 6050.86 5403.76 4394.14
 4000 5114.87 3101.71 3152.85 2958.34 4416.12 6387.27 4216.59 3592.11 1506.97 2794.55 7170.73 5254.3 2164.25 6028.95 2395.2 2710.74 4949.35 3729.6 10805.3 3102.93 4290.07 12561.8 2333.7 5927.19 3154.23 5588.88 4893.82 9228.43 2687.7
#F
 0.01 0.02 0.05 0.136 0.19 0.198 0.2 0.2
 0.0123334 0.0246667 0.0616669 0.167734 0.234334 0.244201 0.246667 0.246667
 0.0142388 0.0284777 0.0711942 0.193648 0.270538 0.281929 0.284777 0.284777
 0.0148574 0.0297148 0.0742869 0.20206 0.28229 0.294176 0.297148 0.297148
 0.0157124 0.0314249 0.0785622 0.213689 0.298536 0.311106 0.314249 0.314249
 0.0202783 0.0405566 0.101391 0.275785 0.385287 0.40151 0.405566 0.405566
 0.0178153 0.0356307 0.0890767 0.242289 0.338491 0.352744 0.356307 0.356307
 0.0206459 0.0412917 0.103229 0.280784 0.392271 0.408788 0.412917 0.412917
 0.0216439 0.0432878 0.108219 0.294357 0.411234 0.428549 0.432878 0.432878
 0.0215382 0.0430764 0.107691 0.29292 0.409226 0.426456 0.430764 0.430764
 0.0224526 0.0449051 0.112263 0.305355 0.426599 0.444561 0.449051 0.449051
 0.0325801 0.0651602 0.162901 0.44309 0.619022 0.645086 0.651602 0.651602
 0.0409092 0.0818184 0.204546 0.556365 0.777274 0.810002 0.818184 0.818184
 0.0262163 0.0524325 0.131081 0.356541 0.498109 0.519082 0.524325 0.524325
 0.0286741 0.0573482 0.143371 0.389968 0.544808 0.567748 0.573482 0.573482
 0.0383788 0.0767577 0.191894 0.521952 0.729198 0.759901 0.767577 0.767577
 0.0372633 0.0745266 0.186317 0.506781 0.708003 0.737813 0.745266 0.745266
 0.0351615 0.070323 0.175807 0.478196 0.668068 0.696197 0.70323 0.70323
 0.030567 0.061134 0.152835 0.415711 0.580773 0.605227 0.61134 0.61134
 0.0305169 0.0610338 0.152585 0.41503 0.579821 0.604235 0.610338 0.610338
 0.0264426 0.0528852 0.132213 0.359619 0.502409 0.523563 0.528852 0.528852
 0.0165371 0.0330741 0.0826853 0.224904 0.314204 0.327434 0.330741 0.330741
 0.0261205 0.0522409 0.130602 0.355238 0.496289 0.517185 0.522409 0.522409
 0.0170124 0.0340247 0.0850618 0.231368 0.323235 0.336845 0.340247 0.340247
 0.0153875 0.030775 0.0769374 0.20927 0.292362 0.304672 0.30775 0.30775
 0.0243613 0.0487225 0.121806 0.331313 0.462864 0.482353 0.487225 0.487225
 0.023911 0.0478221 0.119555 0.32519 0.45431 0.473438 0.478221 0.478221
 0.0104177 0.0208354 0.0520886 0.141681 0.197936 0.206271 0.208354 0.208354
 0.01 0.02 0.05 0.136 0.19 0.198 0.2 0.2
 0.00155992 0.00311985 0.00779962 0.021215 0.0296385 0.0308865 0.0311985 0.0311985
 0.0025 0.0125 0.0925 0.21 0.2425 0.25 0.25 0.25
 0.00298828 0.0149414 0.110567 0.251016 0.289864 0.298828 0.298828 0.298828
 0.00351078 0.0175539 0.129899 0.294905 0.340546 0.351078 0.351078 0.351078
 0.00402325 0.0201162 0.14886 0.337953 0.390255 0.402325 0.402325 0.402325
 0.00441997 0.0220998 0.163539 0.371277 0.428737 0.441997 0.441997 0.441997
 0.00431791 0.0215896 0.159763 0.362705 0.418838 0.431791 0.431791 0.431791
 0.00468837 0.0234418 0.17347 0.393823 0.454772 0.468837 0.468837 0.468837
 0.0069861 0.0349305 0.258486 0.586832 0.677651 0.69861 0.69861 0.69861
 0.00572634 0.0286317 0.211875 0.481013 0.555455 0.572634 0.572634 0.572634
 0.00515569 0.0257784 0.19076 0.433078 0.500102 0.515569 0.515569 0.515569
 0.00639646 0.0319823 0.236669 0.537302 0.620456 0.639646 0.639646 0.639646
 0.00537724 0.0268862 0.198958 0.451688 0.521592 0.537724 0.537724 0.537724
 0.0116864 0.058432 0.432397 0.981658 1.13358 1.16864 1.16864 1.16864
 0.008216 0.04108 0.303992 0.690144 0.796952 0.8216 0.8216 0.8216
 0.0131352 0.0656762 0.486004 1.10336 1.27412 1.31352 1.31352 1.31352
 0.00889115 0.0444558 0.328973 0.746857 0.862442 0.889115 0.889115 0.889115
 0.00811022 0.0405511 0.300078 0.681258 0.786691 0.811022 0.811022 0.811022
 0.00838238 0.0419119 0.310148 0.70412 0.813091 0.838238 0.838238 0.838238
 0.00783016 0.0391508 0.289716 0.657733 0.759525 0.783016 0.783016 0.783016
 0.00712337 0.0356168 0.263565 0.598363 0.690967 0.712337 0.712337 0.712337
 0.00720453 0.0360227 0.266568 0.605181 0.69884 0.720453 0.720453 0.720453
 0.00533975 0.0266988 0.197571 0.448539 0.517956 0.533975 0.533975 0.533975
 0.00574304 0.0287152 0.212492 0.482415 0.557074 0.574304 0.574304 0.574304
 0.00614551 0.0307276 0.227384 0.516223 0.596115 0.614551 0.614551 0.614551
 0.00517198 0.0258599 0.191363 0.434447 0.501682 0.517198 0.517198 0.517198
 0.00383234 0.0191617 0.141797 0.321917 0.371737 0.383234 0.383234 0.383234
 0.00078246 0.0039123 0.028951 0.0657266 0.0758986 0.078246 0.078246 0.078246
 0.00535362 0.0267681 0.198084 0.449704 0.519301 0.535362 0.535362 0.535362
 0.0060689 0.0303445 0.224549 0.509787 0.588683 0.60689 0.60689 0.60689
 0.00192618 0.0096309 0.0712687 0.161799 0.186839 0.192618 0.192618 0.192618
#Fyear
 0.2
 0.246667
 0.284777
 0.297148
 0.314249
 0.405566
 0.356307
 0.412917
 0.432878
 0.430764
 0.449051
 0.651602
 0.818184
 0.524325
 0.573482
 0.767577
 0.745266
 0.70323
 0.61134
 0.610338
 0.528852
 0.330741
 0.522409
 0.340247
 0.30775
 0.487225
 0.478221
 0.208354
 0.2
 0.0311985
 0.25
 0.298828
 0.351078
 0.402325
 0.441997
 0.431791
 0.468837
 0.69861
 0.572634
 0.515569
 0.639646
 0.537724
 1.16864
 0.8216
 1.31352
 0.889115
 0.811022
 0.838238
 0.783016
 0.712337
 0.720453
 0.533975
 0.574304
 0.614551
 0.517198
 0.383234
 0.078246
 0.535362
 0.60689
 0.192618
#biomass_AM
 70022.3 69340.5 58361.7 57015.8 47582.5 41735 37307 39142.8 38804.2 35792.6 36265.9 33795.2 31512 29548.5 35284.8 38160.3 35403.5 32013.3 31347.8 33493 33795.6 34348.9 42127.1 39480.5 41512.7 44979.3 42345.3 40213.5 43090.8 45402.1
 59223.7 58160.3 60062.4 46140.7 42872.1 37523.6 32556.4 26583.4 25489.6 29757.9 30977.6 30678 27761 23771.1 25002.5 19395.2 19707.7 23202 23038.6 24667.3 25072 28557.5 28717.1 26248.5 28602.9 29551.5 31475.9 37985.6 35215.8 32708.7
#biomass_population
 70022.3 69340.5 58361.7 57015.8 47582.5 41735 37307 39142.8 38804.2 35792.6 36265.9 33795.2 31512 29548.5 35284.8 38160.3 35403.5 32013.3 31347.8 33493 33795.6 34348.9 42127.1 39480.5 41512.7 44979.3 42345.3 40213.5 43090.8 45402.1
 59223.7 58160.3 60062.4 46140.7 42872.1 37523.6 32556.4 26583.4 25489.6 29757.9 30977.6 30678 27761 23771.1 25002.5 19395.2 19707.7 23202 23038.6 24667.3 25072 28557.5 28717.1 26248.5 28602.9 29551.5 31475.9 37985.6 35215.8 32708.7
#catch_at_age_fleet_prop
 0.0254288 0.0424173 0.107035 0.235577 0.212319 0.183149 0.114859 0.0792147
 0.0255073 0.0424802 0.0872198 0.225969 0.230189 0.141054 0.11682 0.130761
 0.0250566 0.046177 0.0910271 0.186726 0.225955 0.164056 0.094702 0.166299
 0.0236776 0.0445446 0.102358 0.197041 0.185475 0.160377 0.111798 0.17473
 0.0451557 0.0415029 0.0943884 0.216698 0.188066 0.12549 0.104572 0.184127
 0.0276041 0.0795387 0.0917837 0.20094 0.207834 0.12665 0.0811162 0.184534
 0.0337346 0.0521481 0.166337 0.190547 0.184661 0.133579 0.0777952 0.161199
 0.102813 0.060705 0.101851 0.289523 0.149293 0.101246 0.0704069 0.124163
 0.0458089 0.160456 0.125959 0.19309 0.233094 0.083851 0.0544187 0.103322
 0.0275241 0.0702879 0.286495 0.224939 0.147999 0.122265 0.0421725 0.0783181
 0.0498769 0.0379492 0.119869 0.449901 0.160377 0.0716961 0.0558904 0.0544395
 0.0853958 0.0831674 0.0770631 0.227037 0.346915 0.088017 0.0369548 0.0554502
 0.116064 0.155388 0.170218 0.140016 0.167035 0.167805 0.0413163 0.0421586
 0.0472414 0.167227 0.272773 0.264997 0.0856935 0.0670888 0.063644 0.0313359
 0.0559026 0.0594921 0.251627 0.385952 0.152947 0.0335898 0.025261 0.0352291
 0.0935321 0.0851289 0.102028 0.381547 0.23798 0.0631089 0.0131974 0.0234773
 0.0624083 0.159284 0.180595 0.183003 0.264945 0.107564 0.0268385 0.0153616
 0.0418111 0.0961449 0.282304 0.295996 0.115735 0.109656 0.0421446 0.0162092
 0.0861812 0.0670842 0.157521 0.404195 0.179041 0.0449 0.0401635 0.0209137
 0.0767591 0.131541 0.13083 0.261637 0.271095 0.0826 0.0194867 0.026052
 0.0217927 0.134693 0.241113 0.2332 0.184277 0.127173 0.0375479 0.0202046
 0.0413452 0.033049 0.234406 0.370396 0.15828 0.0833021 0.0545632 0.0246581
 0.0534171 0.0634383 0.0627435 0.402325 0.261921 0.0797024 0.0394765 0.036976
 0.0490455 0.101347 0.131973 0.12731 0.350045 0.153344 0.0447931 0.0421429
 0.0643142 0.0705671 0.209779 0.235241 0.101833 0.193887 0.079694 0.0446846
 0.0158959 0.0972734 0.124011 0.369482 0.178105 0.0542948 0.0987502 0.062188
 0.0460117 0.0284728 0.190913 0.226771 0.299891 0.0972428 0.0283018 0.0823967
 0.0450032 0.0721124 0.0569236 0.348322 0.184317 0.179733 0.053782 0.0598065
 0.0469391 0.071798 0.141579 0.114619 0.31723 0.120662 0.115818 0.0713549
 0.0286087 0.074819 0.130351 0.268822 0.104169 0.203541 0.074544 0.115145
 0.00525201 0.0226094 0.179118 0.297259 0.162508 0.135417 0.108001 0.0898352
 0.00591244 0.0214221 0.128507 0.277875 0.224528 0.119198 0.0968472 0.12571
 0.00477297 0.025314 0.133657 0.219993 0.221306 0.157028 0.0844687 0.15346
 0.00483587 0.0223257 0.160406 0.229015 0.173083 0.150268 0.103022 0.157044
 0.00728452 0.0223651 0.142558 0.266211 0.178285 0.116752 0.0972056 0.169338
 0.00878259 0.0364614 0.142748 0.242101 0.203825 0.119116 0.0752845 0.171681
 0.0140831 0.0365397 0.2231 0.221878 0.169353 0.122367 0.0692071 0.143472
 0.0143619 0.056226 0.200699 0.323218 0.139484 0.0915871 0.0635738 0.110851
 0.0116968 0.0665027 0.274487 0.256424 0.193093 0.0696252 0.0441598 0.084011
 0.00461771 0.0391974 0.337074 0.305337 0.132372 0.0915346 0.0315729 0.0582946
 0.00775699 0.0186287 0.199422 0.455098 0.167028 0.0642433 0.0443615 0.0434627
 0.0202569 0.0395831 0.119036 0.307298 0.330587 0.0947509 0.0365863 0.0519021
 0.0213991 0.103887 0.260189 0.172076 0.183195 0.17011 0.0456754 0.0434703
 0.00810733 0.0793082 0.4612 0.262193 0.063634 0.0532518 0.0476858 0.0246199
 0.0191781 0.0311977 0.361806 0.429562 0.0999398 0.0203423 0.0160586 0.0219155
 0.0127563 0.085647 0.186267 0.458189 0.19529 0.0396539 0.00781867 0.014378
 0.0122583 0.0575782 0.3982 0.2124 0.215048 0.0786683 0.016524 0.0093232
 0.0173466 0.0468888 0.306234 0.41039 0.0957778 0.0831493 0.0298714 0.0103417
 0.0155648 0.0596376 0.243346 0.403066 0.188185 0.0396501 0.0337478 0.0168016
 0.034632 0.0631524 0.28438 0.2954 0.209306 0.0765125 0.0159863 0.0206313
 0.00894854 0.109594 0.307227 0.298705 0.142729 0.0888659 0.0293442 0.0145856
 0.0101417 0.0240607 0.410283 0.325844 0.125312 0.0546577 0.0336104 0.0160895
 0.026966 0.0373629 0.116523 0.511003 0.193831 0.062197 0.0271884 0.0249291
 0.0083279 0.108232 0.219118 0.166873 0.322863 0.111531 0.0338292 0.0292254
 0.014704 0.0294099 0.410621 0.243098 0.0813899 0.140887 0.0511063 0.0287835
 0.00666965 0.050509 0.148913 0.497301 0.142827 0.041535 0.0707799 0.0414658
 0.0111716 0.0213128 0.252968 0.22056 0.321551 0.0838828 0.0236507 0.0649032
 0.0103183 0.0427584 0.106265 0.381462 0.162645 0.191488 0.0506838 0.0543791
 0.0203112 0.0460974 0.25397 0.155935 0.263691 0.0966366 0.104329 0.0590304
 0.00603347 0.063841 0.222362 0.334202 0.0923553 0.145046 0.0515437 0.0846166
#yield_fleet
 9349.83
 11457
 11044.9
 11143.4
 9701.77
 10289.7
 7984.95
 9219.81
 8645.71
 7707.2
 8924
 11589
 11119.1
 6285.83
 9047.79
 13543.9
 11414.9
 9527.55
 9001.6
 9588.11
 8172.24
 5977.82
 12071.9
 7748.9
 7028.61
 11539.4
 11258.6
 5310.68
 5471.65
 939.04
 9338.63
 11105.8
 13343
 11423.8
 11346.4
 9427.74
 8098.8
 8739.82
 6796.04
 7599.2
 10207.6
 8389.68
 11747.4
 7270.66
 11345.5
 6986.25
 6386.84
 7844.2
 7590.63
 6617.39
 7197.27
 6911.51
 7634.66
 7335.72
 6716.86
 6165.12
 1492.89
 11062.5
 10077.1
 3559.98
#survey_at_age_fleet_prop
 0.0109664 0.0914478 0.230623 0.23588 0.15992 0.13234 0.0821596 0.056663
 0.0113612 0.0945845 0.194055 0.233477 0.178804 0.105102 0.0861666 0.0964497
 0.0111736 0.102932 0.202727 0.193005 0.175488 0.122211 0.0698335 0.122629
 0.0103925 0.0977297 0.224361 0.200408 0.141718 0.117534 0.0811024 0.126756
 0.0201651 0.0926426 0.210482 0.224159 0.146109 0.093505 0.0771295 0.135807
 0.0117201 0.168787 0.194504 0.197186 0.152931 0.0893564 0.056647 0.128868
 0.0134778 0.104137 0.331778 0.17617 0.128134 0.0888869 0.0512408 0.106176
 0.0441191 0.130197 0.218139 0.287099 0.110993 0.0721717 0.0496762 0.0876039
 0.0168167 0.294397 0.230759 0.163715 0.148114 0.0510828 0.0328135 0.0623014
 0.00922025 0.117679 0.478953 0.174044 0.0858233 0.0679758 0.0232071 0.0430976
 0.0203275 0.077298 0.243779 0.423302 0.113049 0.0484504 0.0373826 0.0364122
 0.0372406 0.181222 0.167492 0.227123 0.258723 0.062877 0.0261237 0.0391982
 0.0422617 0.282652 0.308545 0.116208 0.102822 0.0988587 0.0240808 0.0245717
 0.0144576 0.255754 0.41638 0.186816 0.0451845 0.0339037 0.0318313 0.0156725
 0.0191957 0.102082 0.430837 0.304813 0.0902384 0.0189899 0.0141333 0.0197104
 0.0379648 0.172628 0.206235 0.353728 0.163908 0.0416108 0.00860942 0.0153156
 0.0217505 0.277348 0.31349 0.145803 0.156931 0.0609996 0.0150592 0.00861946
 0.0135888 0.156122 0.457114 0.220266 0.0641103 0.0581698 0.0221216 0.00850815
 0.0329549 0.128182 0.300281 0.355046 0.117374 0.0282006 0.0249633 0.0129988
 0.0288373 0.246936 0.245028 0.225801 0.174616 0.0509728 0.0119002 0.0159096
 0.00713034 0.220233 0.393479 0.175738 0.103856 0.0686912 0.020072 0.0108008
 0.0148753 0.0594338 0.421097 0.308571 0.0990066 0.049973 0.0324005 0.0146423
 0.0230431 0.136759 0.135005 0.399818 0.19469 0.056781 0.0278337 0.0260706
 0.0194885 0.20129 0.261828 0.117111 0.241734 0.101557 0.0293645 0.0276271
 0.0236806 0.129878 0.385719 0.200666 0.0652474 0.119148 0.048478 0.0271818
 0.00603566 0.184585 0.234915 0.323528 0.116743 0.0341138 0.0614081 0.0386718
 0.0182281 0.0563729 0.377345 0.207229 0.205187 0.0637787 0.0183718 0.0534869
 0.0194841 0.156076 0.123126 0.350084 0.139337 0.130346 0.0386109 0.0429361
 0.0191901 0.146739 0.289186 0.108797 0.226511 0.0826533 0.078537 0.0483861
 0.0113472 0.148375 0.258481 0.24818 0.0724493 0.135839 0.0492514 0.0760768
 0.0207838 0.0715627 0.263785 0.25053 0.131615 0.106351 0.08482 0.070553
 0.0242843 0.070372 0.196323 0.242676 0.188358 0.0969566 0.0787765 0.102254
 0.0195207 0.0827991 0.203202 0.190947 0.184429 0.12687 0.0682459 0.123987
 0.0195932 0.0723393 0.241447 0.196525 0.142534 0.119956 0.0822403 0.125365
 0.0296228 0.0727307 0.215265 0.228903 0.14705 0.0933384 0.0777116 0.135378
 0.0343684 0.114103 0.207454 0.200413 0.161867 0.0916911 0.0579513 0.132154
 0.0515786 0.107015 0.303306 0.171623 0.125616 0.0879684 0.0497523 0.103141
 0.0512434 0.160391 0.264955 0.240718 0.0992981 0.0631423 0.0438293 0.076423
 0.0392584 0.178474 0.341504 0.180873 0.130436 0.0455689 0.028902 0.0549842
 0.0160561 0.108984 0.434795 0.223746 0.0929635 0.062295 0.0214873 0.0396731
 0.0304445 0.0584573 0.289853 0.374062 0.131349 0.0489366 0.0337918 0.0331072
 0.0769513 0.120236 0.167701 0.245755 0.253306 0.0703501 0.0271643 0.038536
 0.0673953 0.261459 0.300639 0.109414 0.110291 0.0989478 0.0265681 0.0252854
 0.0243667 0.190547 0.511861 0.163253 0.0377933 0.0306129 0.0274132 0.0141533
 0.0658049 0.0855296 0.454047 0.293814 0.0644841 0.0126697 0.0100017 0.0136495
 0.0433084 0.232431 0.233252 0.320821 0.130266 0.0255944 0.00504651 0.0092802
 0.0392981 0.14756 0.471481 0.141161 0.136353 0.0482829 0.0101417 0.00572215
 0.0587486 0.126943 0.382875 0.287627 0.0640104 0.0537843 0.0193221 0.00668946
 0.0533992 0.163565 0.308487 0.28718 0.127982 0.0261052 0.0222192 0.011062
 0.109774 0.160038 0.33345 0.195287 0.132236 0.0468111 0.00978059 0.0126224
